0.39534353508666453, 0.24286998118129566
0.39863529230331923, 0.15491163074674782
0.9125235866411575, 0.1892959207881984
1.0202534194075847, 0.20200015404598412
1.2345591103754838, 0.20861542184685852
1.235540269119104, 0.16934786340250038
1.0279059153898202, 0.15975659110758542
0.9264478237198116, 0.11238639787647749
1.910806703796049, 0.10515227309984483
2.164471721911052, 0.11516994649137623
3.944187596744609, 0.0798650725027941
2.1756234852069096, 0.1680683349220811
2.383867631700198, 0.20167695606258718
2.5118199152429708, 0.22092053036641773
2.9824737961337195, 0.18401365930421798
3.855315441518307, 0.1780281884356939
4.117991638461441, 0.17229942128445122
4.518430815636256, 0.14353654683907408
3.833079001333751, 0.14451984089453165
1.8474145504411463, 4.150235362122235
3.663015309482345, 3.833094861301886
1.938663866034409, 0.41860730752380304
2.3168861282539432, 0.35787901660550014
2.4390018364183783, 0.4989232795813694
2.7624433369699073, 0.5645537717517375
5.179235883858449, 1.2487436419796234
5.534313307499375, 1.0888924631250567
7.227875558301782, 2.2434539910895865
9.533420027012872, 1.9427913099097431
20.87302560328457, 1.585068949414229
23.957730451805617, 1.7247560118353715
27.6756873520503, 1.951565084744198
23.98093779552163, 1.3376716272427727
27.923449249121045, 1.057640324237644
31.23473869105417, 0.9971821011638108
34.53167978962555, 0.6442725186432839
29.31940817792567, 0.5163893443696409
15.959274304754855, 1.1227113319075188
14.180515396999382, 1.0521146106565538
13.553381709178531, 0.8486016855469135
13.379871489383971, 0.7899186589285209
19.99454000319212, 0.71116468919057
18.23341440555068, 0.7300733459662726
18.122849096477047, 0.6408666967328881
20.282510261823447, 0.5269504601681901
22.24597131447317, 0.48722751673246684
15.377425915049407, 0.6085003092924797
15.383153356524078, 0.5518329999309117
14.988455358491846, 0.5070333363380515
16.653848902116017, 0.49388908021952005
13.769419887450415, 0.4225331067753619
10.940679750662897, 0.39091912253202293
14.346588967827094, 0.2784165324757133
13.704283352358017, 0.26087392122552794
13.006186192362438, 0.2381501540921219
15.638836913109916, 0.23043523026071508
12.039486022737988, 0.15192566109020003
8.433721093771199, 0.18246017818615806
7.058352035745113, 0.20258019862413998
9.177185818126624, 0.23986495022648777
9.417917660815185, 0.2679530976863852
10.931720220188128, 0.4847120461285146
12.623179025745257, 0.6087269499492476
4.523481470065483, 0.6020091440361083
7.159298582051629, 0.8663979817294526
6.203212495946024, 0.6016505609116302
5.888682150653685, 0.5145912963309033
8.91290766005568, 0.5141890351902665
9.57706796596972, 0.5856898423900826
8.516830916844631, 0.439780056659719
7.369201480733153, 0.43990017032205225
6.8077733587453935, 0.47575277362025864
5.629372941462939, 0.3939685940481422
6.05351214194433, 0.36666546213190526
7.376522995908496, 0.33895790694198025
6.866331900765047, 0.2824614708314622
6.344790228906705, 0.28620968439817773
5.939482381036924, 0.3035359357165672
5.245618811482503, 0.2480710367306135
4.084696832991831, 0.2580846464651675
4.11370009766057, 0.22654401735500207
14.994410169880503, 0.45682847851315006
6.376529886247437, 0.43432248282474756
10.367905693736088, 0.5276180655358725
6.554038882376885, 0.32181118371214207
