3.625451964991724, 0.09657621734869729
6.474233771500016, 0.0935988240462271
7.68587165883824, 0.10485858142128207
11.450951238468557, 0.11258844997127698
8.337917750819452, 0.12296624201669312
6.602034264859933, 0.1207486567769405
12.539924982259317, 0.13975146149427228
16.435440813705945, 0.17106629946271076
11.949515088027573, 0.18828084344270601
16.963606258236744, 0.20672253573480215
17.510627513263266, 0.21687628831142497
22.290744432805063, 0.25176815463116275
25.304430101713244, 0.22575828743283882
22.864731524346972, 0.22545061332071767
21.799749940864395, 0.2158382049809076
23.052951711553412, 0.17088281012401582
32.03358902443146, 0.17457084445645926
