3.5551046302515013, 0.710887405488278
6.502895815380667, 0.8799435596749021
7.573145431129863, 0.6433073127675891
11.237860404200257, 0.5903926202982318
6.346582450251899, 0.5258959395131396
16.69375920681276, 0.4094151679548841
22.419587673588588, 0.5138756746695821
22.410136668018634, 0.5740791655685688
31.498054958446726, 0.8207554027381291
22.016771421792697, 0.3386478084092484
11.739281680916465, 1.0963650697456317
12.285908559921795, 1.2488291379046625
8.264648594508724, 2.175486391706086
17.36653556639963, 2.2574846134372217
21.578869835681285, 2.100031421095366
25.273470137817398, 1.941195497366579
16.218701673868086, 4.534600546409853
