0.8717907052323692, 0.021452510562236016
0.4204582385440361, 0.031879671758205996
1.12650308742281, 0.026954013649658715
1.2317192070198235, 0.03464921189470266
1.8995775105622368, 0.031370856353591214
2.570482612934681, 0.02397170539486504
0.923383165420864, 0.051673708157296105
1.9536074098147562, 0.0582954176145597
2.2521936951576205, 0.05445746668833279
1.8699220019499503, 0.0714799317517062
4.61163470913227, 0.06331349528761787
4.2110822229444285, 0.05506073285667862
4.032336691582712, 0.04681406402339944
2.4821254468638276, 0.04347477250568743
2.7827429314267125, 0.036889624634384166
3.0813292167695803, 0.033051673708157314
3.747156321091973, 0.03252051511212223
4.044117647058828, 0.030880321741956485
4.564510887227817, 0.02704846441338965
3.9754631134221636, 0.023735578485537867
3.307604809879754, 0.02701393402664931
2.56581085472863, 0.030290258368540768
6.971075723106923, 0.07216952388690284
7.047855053623659, 0.06832547936301597
6.458807279818002, 0.06501259343516413
6.388934026649332, 0.059516168345791376
6.095019499512508, 0.057035566298342555
5.436301592460188, 0.04795153558661036
6.472213194670131, 0.04688109359766007
7.510155996100098, 0.04306345466363343
7.589779005524859, 0.03537333441663959
7.224569385765355, 0.029319345141371467
8.629753006174843, 0.028808498537536587
5.965225869353267, 0.03258145108872279
5.222213194670134, 0.03750609359766005
5.959132271693209, 0.04082304192395192
6.330435489112771, 0.038635440363990914
11.175251868703286, 0.036021286967825805
11.251624959376015, 0.032726681832954185
15.608750406239844, 0.039714514949626245
16.48358791030224, 0.20649679070523236
16.020068248293796, 0.1334071335716607
13.706735456613588, 0.11218973431914203
14.636821579460518, 0.10424825316867078
15.672530061748459, 0.10345253087422812
17.016168345791357, 0.08618175170620737
14.761740331491717, 0.08529564104647386
15.95405427364316, 0.07269103428664281
15.624390640233992, 0.06856109847253822
14.299642508937277, 0.06028294605134876
13.883246668833278, 0.07345831979200523
12.821335716607086, 0.059692882677933046
12.2396002599935, 0.04649008774780633
13.276730581735455, 0.043771327591810294
13.644783880402988, 0.045979241143971394
14.086772830679232, 0.04818918589535265
8.615534611634706, 0.0480388771530712
9.945157621059474, 0.04972375690607733
11.114722131946701, 0.06788775593110175
10.36764705882353, 0.07830679233019178
10.955069873253171, 0.08381743581410467
8.372603184920381, 0.07660363178420537
9.26267468313292, 0.0727819304517387
9.563698407539812, 0.06564734319142018
9.64169645758856, 0.06015498050048751
9.49788755281118, 0.05465652421189471
18.871871953201172, 0.07634262268443293
18.51072473188171, 0.06479423951901203
20.501096847578808, 0.072815953038674
21.08791030224245, 0.07915075560610987
21.156767955801108, 0.08602077916802081
21.958685407864806, 0.10142742525186874
22.88308417289568, 0.10117809554761134
23.137796555086126, 0.10667959863503415
23.036642833929157, 0.09349000649983746
24.184270393240176, 0.09132373253168674
24.558823529411768, 0.08474061585960352
27.806507962300948, 0.1422474203769906
28.097781930451738, 0.14829937845303867
30.13609034774131, 0.1414872440688983
31.82787617809555, 0.15334690851478713
35.039608384790384, 0.209479098960026
