3.537673261308699, 0.13423618457410713
6.494217941323294, 0.13765032792157117
7.620471410429177, 0.16243131838524827
6.4634216786032415, 0.18189279762320443
11.404066451644608, 0.19157568750587328
11.812487660372055, 0.1703398883161289
12.439483015930085, 0.10945260763819742
8.315542715157848, 0.05637647310370619
16.357574613257732, 0.037202092283604715
17.488656163865087, 0.09424070227894121
21.792787363531254, 0.10121728004855657
25.311700079577143, 0.11195286413002703
31.949381014086768, 0.20995860782269937
22.94414685644474, 0.29373789207685974
22.89110693252153, 0.4393649003647787
16.875696730957742, 0.4989054911667661
22.33767084726795, 0.7417200557643412
