1.873778430718323, 0.017338847692133896
3.6685832425912697, 0.008878497018228515
5.167771521388834, 0.025330184734468464
5.618714333625606, 0.03819184899140504
7.039894609878081, 0.03345256970327126
7.261365605609543, 0.013155659934079189
9.584017670778296, 0.031374770342819325
8.69054670263588, 0.06187186444126569
9.853528077449324, 0.08204117491363316
11.16135189730671, 0.06993907133576616
13.478762045416724, 0.053135623395847986
14.265084090523084, 0.05674978726265856
15.576494485210128, 0.06861048676545267
21.036571855216188, 0.04875241511844752
24.144994184748263, 0.06689910430466539
24.478718075388763, 0.04659184864654198
27.812197975481958, 0.06840443114422956
28.084467285868115, 0.13750376116170504
31.790881995652995, 0.15098704091195558
30.05032412807865, 0.2718847881808564
35.07173580738023, 0.32119157051456126
14.612430068257003, 0.37745510099742985
15.912804848083555, 0.31558409871357473
13.774757927752935, 0.2807581122546191
12.130313368354164, 0.2938128997716142
23.152237169157864, 0.18404129389135604
22.966528462833686, 0.1932749997629064
21.918834777015924, 0.19337156139293588
21.090542909143267, 0.15934651916877662
20.44533878906543, 0.09857649189873774
18.875315657382096, 0.10885944333944586
18.499483998789536, 0.09783417436788766
15.582839963754902, 0.11100621529277566
15.958671622347465, 0.12203148426433397
16.977500278045753, 0.17908044014860136
16.416925529429314, 0.1837404009549254
15.746305008875913, 0.203157048007511
13.198871263517555, 0.183115336831968
13.715269066395605, 0.1332981573109654
13.936464171755548, 0.11115795499710746
3.9837535057475773, 0.36460981773130174
2.180809927915023, 0.31869303833755336
1.8433615172591047, 0.31411584464268305
0.8642955613550019, 0.27273142675843454
2.098111789054217, 0.26616609807385405
3.855912804848087, 0.26047413484659176
4.114801432215893, 0.24017377644775606
2.4263178722644856, 0.20899299152240625
1.2285398243440504, 0.20633840885401156
0.926439867538134, 0.18793307244450064
0.40286891500076294, 0.18982464580418157
6.7726947850684684, 0.24822374019403703
8.420450028925382, 0.25728846321303633
9.350510957589611, 0.2212580428509474
9.611744653115275, 0.21662567108177477
9.263260627598866, 0.13831677560025546
10.27601969512389, 0.15481329550186607
10.87263262351914, 0.14093342334256698
12.811176318949963, 0.09282848843976266
7.497596736216904, 0.0914749013045304
7.499252078445979, 0.1025346565725277
6.262676947031638, 0.09066705981044632
5.777489242430905, 0.0990067084468147
6.303267317940376, 0.11186147544446368
7.130455624326979, 0.13851334748995792
6.460386884516597, 0.16161657963187592
6.467284143804408, 0.20769889324853152
5.267298972911879, 0.19029797022280692
4.517842778698858, 0.1829937726370202
3.7674209681855277, 0.16923805114490187
4.174462725055415, 0.13878578923182594
4.20732816556181, 0.10836801361518977
4.505841547538067, 0.1028105469440399
2.4035569166147184, 0.056921356587442906
2.7788367944642633, 0.06426004046966849
2.3336876800292377, 0.09010751965072261
2.598094114827296, 0.10667301214521097
0.9895497900215631, 0.10958624203689826
0.31920515983967235, 0.1308461816341504
1.1799486326614552, 0.13168850942467336
1.8918492500523723, 0.13807450936777144
2.7907000804392847, 0.1435216198903162
11.176525867739885, 0.17132016129240835
22.719227231069397, 0.2909936450377236
