0.4854956985492527, 23.11926605504584
0.5342941493920828, 30.825688073394474
0.6388686073457985, 22.477064220183422
0.6874892860544111, 26.330275229357767
0.7843602848586817, 26.009174311926586
0.7848787869168175, 37.247706422018325
0.9869760748336032, 42.706422018348576
1.0912986889305105, 28.89908256880733
1.2935589346369958, 37.88990825688069
1.5922457488122075, 36.9266055045872
1.5846904331079439, 48.16513761467894
1.9878480048252438, 36.60550458715596
2.084985661830842, 42.06422018348633
2.731735500460303, 60.36697247706434
4.689288170745903, 140.32110091743118
6.0955694528216045, 171.4678899082569
6.304525782250298, 150.59633027522938
6.441617726421385, 147.06422018348619
6.206321492439396, 122.01834862385323
5.592118768716338, 109.17431192660553
6.5934055003544865, 112.06422018348633
7.385661830841349, 134.22018348623857
8.015152958107151, 128.44036697247708
8.242256859570595, 150.91743119266056
8.921287154905137, 168.89908256880736
9.309363723902948, 180.4587155963303
9.711573177571083, 148.34862385321102
10.5209993333545, 192.66055045871562
12.710707596584236, 229.58715596330276
13.114383670359672, 229.26605504587158
13.611538258044718, 330.0917431192661
9.708269578743533, 251.74311926605506
9.926662645630294, 260.41284403669727
9.022528385342266, 263.302752293578
8.908694962064697, 245.96330275229363
8.099624350549721, 209.35779816513764
7.412668380897961, 194.58715596330276
7.218496767298393, 185.9174311926606
8.222909325629875, 256.559633027523
8.222227865782042, 241.7889908256881
7.9716876712908595, 236.33027522935782
9.556481804810431, 286.7431192660551
