0.29101843598103794, 8.989252685627264
0.6940679533970693, 9.701055029228996
0.8837858033575448, 9.735654029221763
0.8921952825224595, 6.545698311136306
1.097571582688006, 7.540599764054036
1.3976554372088221, 9.510219919893672
1.4061658301237159, 5.681984733191257
1.5878778559191924, 6.353421576801367
1.7936073542096655, 5.114344889559504
2.029644615410491, 12.178667794337798
2.0928334418556593, 12.509340528643918
2.2037544720408846, 10.933824607097108
2.3939768907512553, 7.777026264004775
2.3936236926263286, 10.011004404164368
2.6070058169568737, 10.369068013464755
2.496437984896575, 9.710605794852
2.495782045521713, 13.859422340862636
3.7991335833751814, 20.16094541767478
4.61354118362218, 19.032873855409832
4.599194612166834, 9.77493831046354
4.610665141747779, 37.22383871099504
5.111802824143375, 17.527997558848284
5.601806356124625, 18.255657777446743
5.5137927471846275, 24.94173432292874
5.608449844664907, 26.23559276015925
5.504475044269902, 33.87620525856741
5.8117069560808945, 40.63436305403448
6.616595025913211, 49.71732136464223
7.011386434789295, 52.66166022340377
7.012193744789125, 47.55542447446766
7.099400043729292, 45.97558367792175
6.913365545643049, 22.643784073407545
7.109676427268819, 30.97745779042134
7.21213752141414, 32.91103732126854
7.511514979685102, 39.34861375742739
7.587334843835973, 59.7879730031692
8.01425046312203, 59.546681018844424
8.013796351247125, 62.418938627621074
8.211772309747547, 60.22100111245396
8.416391756788249, 66.00299857999939
8.613459491538862, 69.54957628238552
8.710891717143564, 53.29074933264778
8.412977508247296, 37.598120601542064
8.43030103532702, 28.026811822286106
9.504460628019903, 33.967388039798465
9.613212012580581, 46.11488069351773
9.81048157483115, 48.38489945866982
9.913699522101311, 45.53138297488934
11.313305958476395, 93.0206729024957
12.714846575059408, 78.27627301494245
13.698671542562776, 105.58335355612849
14.20031379370827, 82.69611506089664
13.896008380646665, 57.42785267553586
13.50126742864557, 54.16437408246574
14.056427605196577, 42.7762573973383
