0.7845825000264544, 30.825688073394474
0.9862057289186588, 26.00917431192653
1.0829582129667843, 23.11926605504584
1.0915801614763554, 35
1.28521845867327, 32.11009174311931
1.5434917410029314, 30.183486238532055
1.4875379617578277, 42.385321100917395
1.4797604308857926, 48.807339449541246
1.7869654931589474, 57.47706422018348
1.899406368051808, 44.63302752293572
2.731409584880904, 53.30275229357795
2.5864512237706747, 61.330275229357824
2.5866438102494107, 65.50458715596324
3.0309704453826862, 71.28440366972484
3.936912055701936, 107.56880733944945
4.091558998127044, 134.54128440366964
4.4883612160460515, 160.22935779816513
5.311505454853289, 151.88073394495413
4.5908468514227065, 106.60550458715608
6.144367903664436, 179.1743119266055
6.403796704866514, 202.2935779816514
7.139314095848811, 219.6330275229358
7.373869612604893, 228.6238532110092
6.95523105086611, 254.6330275229358
7.76270171317313, 256.559633027523
7.713458831994754, 239.22018348623857
7.696466778832419, 220.91743119266056
7.760375861083777, 206.1467889908257
8.197028665756644, 220.59633027522938
8.011804916246046, 230.87155963302754
8.117594150450252, 248.85321100917434
8.223324127276385, 265.5504587155964
8.023597134482504, 311.4678899082569
8.636703596711214, 300.55045871559633
8.91878353068157, 289.6330275229358
8.81340909812387, 280.6422018348624
8.91198374654773, 317.2477064220184
10.315820661777934, 295.41284403669727
10.008097097446644, 275.50458715596335
9.215737066548154, 251.10091743119267
6.967838058051071, 177.88990825688074
8.521596139805087, 255.59633027522938
0.5985291472228398, 23.11926605504584
