0.48894393760647015, 7.110454904768659
1.0029144852077263, 6.246741326823553
1.2086439834981995, 5.007664639581662
1.2952952568134808, 6.938360920429517
1.7928000442098335, 10.220580638495761
1.9977726893754635, 13.768599965881577
2.298007914521249, 14.780800918795677
2.305307342436393, 18.611919355497463
2.598344053417013, 15.15472240309279
2.693808460897122, 11.342345091387017
2.7886169290023703, 11.678784325691936
2.9062823614778583, 17.444923918240676
3.001343113958053, 16.185664481002988
3.198360391833676, 20.051381917697654
3.205811190373791, 22.925081151473876
3.4024752701244845, 29.02477672832822
3.6070947171651886, 34.8067741958736
3.609970759039589, 16.61580934028828
3.806634838790285, 22.71550491714254
4.00405577166582, 24.028104479369148
4.303281859311818, 31.42310011845356
4.413900148247104, 31.76242260275788
4.4149092857468935, 25.379627916587566
4.3102280891020355, 37.48819669531497
4.309521692852185, 41.956152975634126
4.412235071372451, 42.29403383493877
4.706280919852858, 32.4540421963637
4.809145668998096, 31.834503852742813
4.897663846687988, 21.95702996417569
5.009980850414588, 61.551981393426644
5.412576255955714, 65.13604134580503
5.534782807180254, 42.179604850587566
5.8206714608706935, 33.93387025855546
5.897197721271418, 49.90527322397807
6.007765553331716, 50.56373544259091
6.213797792872127, 47.40982034949795
6.214706016621938, 41.66530513194479
6.204429633082411, 56.66343101944503
6.314139698267889, 62.74726872130273
6.511459717393448, 64.69814775214634
6.708779736519006, 66.6490267829898
7.212524357455725, 80.46429935823662
6.9076134618942495, 59.02571378457796
6.7109493821435535, 52.92601820772373
6.5134779923930255, 51.93255837980573
6.512973423643131, 55.12395572289083
9.222591705370293, 66.78832379858576
9.417742078871303, 82.46221140469538
10.204196570374124, 108.13755264934636
