1.0180537394018643, 5.657611675876321
2.0780782047496507, 4.648205171468337
3.0707175095963217, 4.461024170076342
4.020120639473572, 5.55257940692622
5.087421436706458, 7.69382460876534
6.0809043742354545, 7.871936558822284
7.098219935040279, 8.36957438731176
8.116062766271565, 9.095520310456822
9.132218332138184, 9.090880330704007
10.10049774328257, 8.355865356223894
11.167271270089, 10.268802463407429
12.162863289323823, 11.36014679208672
13.183131564516806, 13.136309950647481
14.196228961909977, 11.807483021892262
15.253933437381356, 9.793520900999699
