1.0182646475724466, 5.748934913738555
2.080398194626059, 5.652760787952921
3.1005610157337493, 7.383262327582566
4.04321508415236, 5.552473952840931
5.10872316193529, 6.917471632851052
6.082802547770698, 8.693845699582397
7.076180031214405, 8.826296030708223
8.117960939806803, 9.917429451216936
9.130214704517652, 8.223309571012777
10.07930147213903, 9.177879951069299
11.138060488463317, 7.620534019487909
12.111928966128144, 9.30558484835702
13.168262538490737, 6.698021681359929
14.248428734129153, 4.409984392795369
