0.9852333963188467, 9.909090909090907
2.001049758555531, 9.681818181818187
6.10889495416054, 7.727272727272727
7.127720624256419, 9.454545454545453
8.101126740849597, 11.681818181818173
9.097557561760791, 13.863636363636353
10.12191196024914, 19.18181818181818
11.140667646441313, 20.863636363636353
12.126180978374968, 15.954545454545439
13.194485268388267, 19.81818181818182
14.211141437469376, 20.136363636363633
15.187696829729159, 24.4090909090909
16.207292322765756, 26.63636363636363
17.213100986773036, 19.909090909090907
